.Random.seed <-
c(10403L, 10L, 575097052L, -161250081L, -277708107L, -1644686260L, 
-2142541662L, 314714109L, -311929609L, -227458530L, -988611368L, 
-1299791813L, -2002957863L, -1538773144L, 1157800598L, 779365393L, 
-1519944253L, 1633698258L, 1587742820L, -755390553L, -252466947L, 
-1483965196L, -1029383206L, -957681883L, -1469893057L, -1103348282L, 
-1893442992L, -825797005L, -810034543L, 97952448L, -1218231138L, 
1936402537L, -1828911973L, -953369174L, -4624948L, -474414961L, 
-1544716091L, 749547644L, 97979602L, -522116019L, 5879047L, 1107482862L, 
594835912L, -636674357L, -1619357911L, 586913656L, -1301959514L, 
157925057L, -1584236717L, 1896510466L, -1270492876L, 343947959L, 
-1373165907L, -507992124L, 1968607210L, -1415950251L, -1909608977L, 
-163727882L, -1973759200L, -1840378653L, -1319646847L, -114901008L, 
9838222L, 881811961L, 1997630347L, -750901318L, -1080285508L, 
-989872641L, -1872577707L, -870372244L, 265341122L, 946363165L, 
1926058391L, 1908672766L, 888576696L, 1730864283L, -409427207L, 
-1512053688L, -2135210122L, -1057815887L, -1700441373L, -1377136206L, 
-177626620L, -835069625L, -1749195747L, 1727093396L, -318221766L, 
-1826595707L, -523353761L, 1651888614L, 2090713200L, 2056045459L, 
-610106319L, 1636731616L, -1450996866L, -1949875703L, 647629371L, 
365024266L, -1797477396L, -72531857L, 740417445L, 1026074460L, 
1177365298L, -1289350611L, 704053479L, 804925966L, -2082648088L, 
1570206187L, -1770421623L, -1795999208L, 1416868166L, -1651605599L, 
1171550771L, -1191080030L, -827602284L, 1606517015L, -442638579L, 
1094735396L, 1074626058L, 549160821L, 704615119L, 74212822L, 
-1019713152L, 1879957955L, -1291176095L, -644985392L, -1969799890L, 
-100528935L, 1620690667L, -687381670L, 55866652L, 1571685407L, 
-1225570187L, -861481716L, -755042078L, 725348797L, 266663479L, 
426355934L, -1180682216L, -531945605L, -1639946471L, -487916632L, 
-662787242L, -350243887L, 638900099L, 1776157202L, -1505438300L, 
-636530329L, 1359937213L, -1991817676L, 355024282L, -1798256155L, 
461927807L, -1264583418L, -455874928L, -196120781L, -1648710447L, 
492713600L, -1101439138L, -1768080215L, -88166565L, 1969669482L, 
-2061072372L, -1859198897L, -2106763003L, 716542396L, -1310280558L, 
720433037L, 1038481351L, 1729137838L, -509092600L, -1740915957L, 
599594473L, 246530744L, -269646490L, 914595329L, 408381587L, 
1292841794L, 959466740L, 887183607L, 1645138157L, 800363396L, 
-2130948694L, 2073211669L, -1162817105L, -956542538L, -284612640L, 
1140254499L, -244344767L, -786484432L, -333907634L, -1277604935L, 
-777462325L, -708424070L, -1822383236L, 972024767L, -1654647659L, 
884161196L, 1967782018L, 1038997597L, 584929111L, -95956418L, 
-1605282184L, -544180901L, 637859001L, 619912456L, -2007572554L, 
379045105L, 518701859L, -773909134L, 889728964L, 899046279L, 
-636786339L, -62830764L, 2061417850L, -2100664123L, -2053047777L, 
1951149478L, -373145808L, 307295699L, 694264817L, -1920887520L, 
-1403534402L, -1605383223L, 348171131L, 61217098L, -140626516L, 
1869471919L, 601856613L, 1099756084L, 1390495688L, -319101766L, 
1669847440L, -381640212L, -885146028L, -787092334L, 538393376L, 
-1798610484L, 1591655904L, -1849905470L, 46002216L, 1228824236L, 
-1767739204L, -124725774L, -1016734416L, 2141848740L, 2102780600L, 
-1465403046L, 1868190096L, -106524804L, 1815243028L, -1357402302L, 
1519636224L, -1874795588L, 1825192784L, -1572679902L, -1982765752L, 
-357906932L, -1292672932L, -749160238L, 649360896L, -489408172L, 
1220658664L, -332618758L, -99095344L, 1208039724L, 313308916L, 
1272706450L, -836755360L, 61732108L, 605684448L, -2107579038L, 
-1272657240L, -1503153588L, -1873826436L, -963305166L, -1633231760L, 
-1693203644L, -1799030312L, -101827462L, 630095408L, 1244291772L, 
1862241108L, -204111806L, 143546784L, -1155578180L, 430638544L, 
-2048086686L, 54288360L, 1411010508L, -2009548036L, 697081330L, 
1246565504L, -1826823948L, 1854890632L, -727203014L, 1153011536L, 
1553674860L, -350193516L, 1649062226L, -349092128L, 601935564L, 
-843198304L, -1829165182L, 76379880L, -1764303124L, 970022972L, 
-605139342L, 46668912L, -1218227676L, 1981972536L, -1093478374L, 
-1460336944L, -1527739332L, 2009003156L, -376661886L, -771174464L, 
1619298620L, -1312751984L, -1303066590L, -1867720696L, -1819738996L, 
452437020L, 785007250L, -932536192L, -659643372L, 1891340584L, 
1119926842L, -2040109872L, 1068776556L, 386653876L, 1936562194L, 
-1233686560L, -425280564L, -2024565280L, -1447380446L, 1008436520L, 
1968758028L, 1946793532L, 546998514L, 2108860144L, -516395196L, 
-1195481512L, -1995560390L, -210841872L, 1705990332L, -1137374700L, 
312413378L, -820581280L, -1997292164L, -939325232L, -1384383454L, 
1932777128L, -865743988L, 2126316988L, 986805298L, 2116742976L, 
1845052596L, -1720123576L, -1231838534L, 1912205072L, -1005095700L, 
-1289970604L, 1898094354L, -1052831840L, -1957276724L, 132221792L, 
-565451582L, 422051368L, -1885782612L, 202349372L, 931800946L, 
-274555088L, -1575426524L, 485841976L, 2005874906L, 589950352L, 
646839036L, 1302438804L, 2010451778L, 769373696L, -2036670916L, 
141083216L, -1790751070L, -950293688L, -1212706292L, 1852578012L, 
-861037998L, -1871341440L, -1078418604L, 1813151208L, -738369798L, 
-1694467248L, -426775508L, -1033639564L, 636659346L, -1254470048L, 
-36280692L, 137353056L, 1136358114L, -924950360L, -610034484L, 
-603389444L, 311531442L, -278365712L, 1004590532L, -538184872L, 
1619787642L, -1055595088L, -1412395588L, -1170805676L, -1057636414L, 
1096095520L, -663465028L, -666595760L, -1221260830L, 161047912L, 
-877525684L, 1147673852L, -762113294L, 594356992L, -1630511500L, 
-797221880L, -1109743174L, -1008178224L, 1208845804L, -1556058220L, 
625221330L, 1394633312L, -1802980020L, 10506528L, 159061634L, 
-673479192L, -1906562068L, -1776858564L, 1169811058L, 924670832L, 
1448409380L, -1279288776L, -1948165734L, 142859728L, 1673047484L, 
228172948L, -1937473406L, -901139008L, -258558148L, -1862416240L, 
809401122L, 471822856L, -1232846580L, 1123273116L, 2072914450L, 
-982098048L, -858811628L, -1158379224L, 837980218L, -1183620104L, 
1917304278L, 796230755L, 400535589L, 1637337026L, -1910022992L, 
518789337L, 72666699L, 2123310268L, 1813289706L, 1582488351L, 
1366463401L, -661138114L, -1026646996L, 1851054717L, -2003233593L, 
-553324112L, 1546214350L, 1852737787L, 1818021725L, 25472138L, 
1736972968L, 2046043665L, 1883666179L, 1446498820L, 1490967090L, 
636455559L, -1543098671L, 477444182L, -1105246156L, 1975626565L, 
1451661711L, 1700761864L, 1736248102L, 1789133779L, -243829451L, 
-1894165358L, 1586236512L, -929977911L, -734101253L, -1007927604L, 
1378726746L, 724670031L, -18648295L, 2137107758L, -366774468L, 
1964872877L, -1867634857L, 788687520L, -1470610434L, 435974859L, 
1920574669L, -1313544198L, 644135992L, 391835105L, 17200787L, 
431068340L, 62037442L, 397258199L, 2069787169L, -576183834L, 
-908838684L, -1080866795L, 1632991295L, 650614744L, 1077844470L, 
610712067L, 2063887685L, -1811048094L, -1778969904L, -1771336199L, 
-1175804629L, -1835415908L, -331201334L, 1131195839L, 407195913L, 
301019678L, 1444544460L, 1364311453L, 429053991L, 1771390544L, 
1339069166L, 1668914075L, -1762579971L, 1930702058L, 140257160L, 
1894994225L, -129240669L, -1175796316L, -128985006L, 2013764519L, 
-556269583L, 1260383030L, 1430853588L, -916591259L, -784129681L, 
40057768L, 1191776518L, -244781005L, -1944443243L, -778101006L, 
522268480L, -1060893527L, -2144284389L, 613394156L, -1700898054L, 
283058991L, 273099577L, -984666802L, 820349852L, -1803796211L, 
1619821431L, 145280L, -971594274L, 312408747L, -1034332755L, 
-344995302L, -347583272L, -1188974271L, -1463547405L, 786841620L, 
-1658714718L, 317440695L, 1184754817L, 1523375238L, 1601419460L, 
-327346699L, 1217970271L, -54347080L, -1550670954L, 1591390627L, 
1532908901L, 975340674L, -1172582928L, -2087740519L, -753844853L, 
199997564L, 548399786L, 1371981023L, 2067182185L, 577491070L, 
1280059500L, -148688707L, -849510009L, 1652667760L, 1494847502L, 
